[DASH_CAM]
POS=0.342612,1.00961,-0.259695
EXP=24
